100 2 4
0 0 2
5 0 2
14 0 5
17 0 4
19 0 2
1 1 4
11 1 5
13 1 1
16 1 1
22 1 3
24 1 2
3 2 1
5 2 4
10 2 1
2 4 3
5 4 6
11 4 6
14 4 6
22 4 6
3 5 1
8 5 3
10 5 1
12 5 1
15 5 4
21 5 3
0 6 4
19 6 2
10 7 1
12 7 2
0 8 3
3 8 4
5 8 4
8 8 3
4 9 1
7 9 5
10 9 4
5 10 1
8 10 2
12 10 3
16 10 1
19 10 4
21 10 2
2 11 1
15 11 4
22 11 6
24 11 5
5 12 3
8 12 5
10 12 4
16 12 2
21 12 3
3 14 1
8 14 2
15 14 2
17 14 2
21 14 4
1 15 5
5 15 6
7 15 8
10 15 5
3 16 1
15 16 3
18 16 3
20 16 1
21 17 2
3 18 3
7 18 2
10 18 1
15 18 2
17 18 2
22 18 4
5 19 5
8 19 3
12 19 3
14 19 5
20 19 3
10 20 2
13 20 2
15 20 2
18 20 3
3 21 3
5 21 3
8 21 1
16 21 2
20 21 3
22 21 5
24 21 5
1 22 3
10 22 3
0 23 3
11 23 6
13 23 4
18 23 2
24 23 3
1 24 1
6 24 3
14 24 5
16 24 5
21 24 3
23 24 2
